Team,Match,Totes,Containers,MaxHeight,MatchPoints
1051,12,4,0,3,  
1051,29,0,0,0, 
1051,37,0,0,0, 31 
1051,4,0,0,0, 46 
1051,45,0,0,0, 0 
1051,62,0,0,0, 0 
1102,1,1,0,1, 0 
1102,1,0,0,0,  
1102,20,2,0,1, 42 
1102,20,1,0,1,  
1102,26,3,1,2, 70 
1102,26,3,1,2,  
1102,40,4,1,3, 71 
1102,40,4,1,3,  
1102,55,2,1,3,  
1102,64,0,0,0,  
120,15,1,0,1, 19 
120,26,6,0,6, 17 
120,37,3,0,2, 30 
120,5,6,0,4, 8 
120,52,2,1,2, 57 
120,65,3,0,2,  
120,71,0,1,1,  
1225,10,0,0,0,  
1225,22,3,0,2,  
1225,27,10,0,3,  
1225,39,9,0,3,  
1225,50,4,0,3,  
1225,60,5,0,3,  
1225,67,2,0,2,  
1249,10,4,0,2, 14 
1249,18,0,0,0, 52 
1249,31,3,1,2, 63 
1249,31,0,0,0, 52 
1249,31,0,0,0,  
1249,31,0,0,0,  
1249,31,2,0,2,  
1261,11,5,1,6, 31 
1261,30,5,1,4, 82 
1261,38,5,2,4, 66 
1261,48,3,1,4, 40 
1261,58,6,1,7, 93 
1287,13,4,1,5, 48 
1287,24,6,0,5, 14 
1287,40,9,1,5, 71 
1287,47,0,0,0, 76 
1287,57,7,0,4, 26 
1287,8,6,0,3, 22 
1293,11,0,0,0,  
1293,18,0,0,0,  
1293,18,1,1,2,  
1293,23,2,1,2,  
1293,40,0,0,0,  
1293,46,1,0,1,  
1293,60,0,0,0,  
1293,70,3,0,3,  
1293,70,0,0,0,  
1293,80,0,0,0,  
1293,91,0,0,0,  
1398,18,0,1,1, 52 
1398,28,0,1,1, 33 
1398,37,0,0,0, 30 
1398,55,0,0,0,  
1398,63,0,0,0,  
1398,8,0,0,0, 22 
1533,14,0,0,0, 62 
1533,14,0,0,0, 62 
1533,24,0,0,0, 41 
1533,4,0,0,0, 46 
1533,42,0,0,0, 0 
1533,53,0,0,0, 19 
1533,59,0,0,0, 68 
1539,23,0,0,0, 20 
1539,3,0,0,0, 32 
1539,43,2,0,2, 0 
1539,52,6,0,4, 42 
1539,59,3,0,3,  
1539,67,2,0,2,  
1553,20,2,0,2, 42 
1553,30,4,0,4, 82 
1553,4,5,0,3, 12 
1553,44,0,0,0, 77 
1553,50,2,1,3, 34 
1553,59,2,1,3, 68 
1758,2,0,0,0, 36 
1758,22,0,0,0, 92 
1758,30,0,0,0, 19 
1876,21,2,0,1, 82 
1876,28,0,0,0, 15 
1876,4,0,0,0, 68 
1876,44,2,1,3, 77 
1876,51,0,0,0, 78 
1876,58,0,0,0, 0 
2028,16,8,0,4, 16 
2028,33,3,0,3, 25 
2028,38,9,0,3, 66 
2028,4,5,0,3, 46 
2028,48,9,0,3,  
2028,60,7,0,5,  
2028,67,4,0,4,  
2059,1,4,0,4, 0 
2059,15,3,0,3, 10 
2059,24,1,0,1, 14 
2059,34,3,0,3, 18 
2059,54,4,0,4, 6 
2059,63,0,0,0,  
2059,70,6,1,4,  
2059,85,0,0,0,  
2059,97,0,0,0,  
2187,14,1,0,1, 62 
2187,2,0,0,0, 36 
2187,28,2,0,1, 15 
2187,35,2,0,2, 82 
2187,52,2,0,2, 42 
2187,60,4,1,2, 83 
2632,15,2,1,3, 19 
2632,2,2,1,3, 36 
2632,31,3,0,2, 82 
2632,40,0,0,0, 71 
2632,53,2,1,3, 19 
2632,58,4,1,5, 74 
2640,14,0,1,1, 57 
2640,14,0,1,1,  
2640,25,0,0,0, 5 
2640,25,0,0,0,  
2640,39,2,0,2, 72 
2640,39,2,0,2,  
2640,5,0,0,0, 30 
2640,5,0,0,0,  
2640,54,0,0,0,  
2640,66,0,1,1,  
2655,22,5,0,3,  
2655,28,5,0,3,  
2655,41,0,0,0,  
2655,46,2,1,3,  
2655,59,2,0,2,  
2655,6,0,0,0,  
2655,69,2,0,2,  
2815,1,0,0,0, 22 
2815,1,0,0,0, 22 
2815,13,0,0,0, 48 
2815,25,2,0,1,  
2815,43,2,0,2,  
2815,48,0,0,0,  
2815,65,1,0,1,  
281,20,2,1,3, 0 
281,28,1,0,1, 33 
281,43,3,0,3, 60 
281,54,0,0,0,  
281,63,0,0,0,  
281,9,0,0,0, 0 
283,1,1,0,1, 20 
283,22,0,0,0, 42 
283,29,1,0,1, 56 
283,42,0,0,0, 41 
283,55,2,0,2, 17 
283,60,2,2,2, 0 
342,12,0,0,0, 21 
342,23,2,0,1,  
342,34,3,0,2,  
342,50,2,0,2,  
342,56,0,0,0,  
342,56,2,1,3,  
342,6,2,1,3, 53 
343,21,2,0,1,  
343,31,4,0,4,  
343,42,0,0,0,  
343,48,0,1,4,  
343,56,4,0,2,  
343,69,4,0,4,  
343,8,6,2,3,  
346,10,2,1,3, 14 
346,10,2,1,3,  
346,15,0,0,0, 10 
346,15,1,0,1, 39 
346,15,0,0,0,  
346,33,1,0,1, 39 
346,33,1,0,1,  
346,41,9,0,3, 18 
346,41,9,0,3,  
346,46,5,0,3,  
346,64,7,1,4,  
3489,12,0,0,0,  
3489,12,0,0,0,  
3489,3,2,1,3, 14 
3489,3,4,1,2,  
3489,31,4,0,4, 82 
3489,31,4,0,4,  
3489,36,2,0,2, 16 
3489,36,2,0,2,  
3489,52,2,1,3, 57 
3489,52,2,1,2,  
3489,66,2,1,2,  
3490,11,1,0,1, 0 
3490,11,1,0,1,  
3490,21,6,0,6, 56 
3490,21,5,0,5,  
3490,27,0,0,0, 12 
3490,27,0,0,0,  
3490,41,1,0,1, 14 
3490,41,1,0,1,  
3490,52,2,1,2,  
3490,70,0,1,1,  
3490,78,0,0,0,  
3490,96,0,0,0,  
3651,20,0,0,0,  
3651,27,0,0,0,  
3651,36,2,0,1,  
3651,53,4,0,4,  
3651,6,0,0,0,  
3651,65,0,0,0,  
3651,70,4,0,2,  
3651,83,0,0,0,  
3651,98,0,0,0,  
3824,1,0,1,4, 22 
3824,18,9,1,7, 68 
3824,30,10,1,7, 82 
3824,35,9,2,7, 82 
3824,49,12,2,7, 88 
3824,56,11,2,7, 120 
3976,19,0,0,0, 12 
3976,25,0,0,0, 28 
3976,36,0,0,0, 19 
3976,4,0,0,0, 0 
3976,50,0,0,0, 14 
3976,57,0,0,0, 26 
4073,11,3,1,2, 14 
4073,16,2,1,2, 16 
4073,32,4,0,2, 24 
4073,39,0,0,0, 46 
4073,55,2,1,2,  
4073,61,1,0,1,  
4073,69,3,0,2,  
4074,10,0,0,0, 8 
4074,21,2,0,1, 56 
4074,29,2,0,2, 53 
4074,36,0,0,0, 19 
4074,49,1,0,1, 82 
4074,59,2,0,2, 79 
4075,16,3,0,3, 4 
4075,29,3,0,3, 94 
4075,34,2,0,2, 18 
4075,46,0,0,0, 78 
4075,57,2,0,2, 26 
4075,9,2,0,2, 42 
4083,22,2,0,1, 92 
4083,22,2,0,1,  
4083,32,2,0,2,  
4083,37,2,0,2,  
4083,48,0,0,0,  
4083,64,0,0,0,  
4083,7,0,0,0, 6 
4083,7,0,0,0,  
4083,70,2,0,1,  
4098,13,0,0,0, 6 
4098,26,2,0,2, 44 
4098,36,0,0,0, 0 
4098,46,2,0,2, 64 
4098,62,0,0,0, 36 
4098,7,0,0,0, 13 
422,14,0,0,0,  
422,32,0,0,0,  
422,43,0,0,0,  
422,50,0,0,0,  
422,62,1,1,2,  
422,68,2,0,1,  
422,8,0,0,0,  
4243,21,0,0,0, 82 
4243,32,0,0,0, 14 
4243,38,5,0,3, 66 
4243,53,1,0,1, 19 
4243,66,0,0,0,  
4243,7,0,0,0, 12 
4267,100,0,0,0,  
435,16,0,0,0, 16 
435,27,0,0,0, 0 
435,3,0,0,0, 7 
435,42,1,1,2, 50 
435,54,3,0,3, 6 
435,62,0,0,0, 52 
4451,18,5,1,6, 52 
4451,33,5,1,6, 39 
4451,39,4,1,5, 72 
4451,47,8,2,7, 60 
4451,6,6,2,6, 53 
4451,66,1,0,1,  
4452,14,1,0,1, 57 
4452,14,0,0,0,  
4452,33,0,0,0,  
4452,40,0,0,0,  
4452,49,1,0,1,  
4452,58,2,1,2,  
4452,69,0,0,0,  
4452,7,0,0,0, 0 
4452,7,0,0,0,  
4505,22,0,2,2, 98 
4505,22,0,2,1,  
4505,31,1,1,1,  
4505,44,1,1,1,  
4505,49,0,1,1,  
4505,5,0,0,0, 8 
4505,5,0,0,0,  
4505,63,2,0,2,  
4505,68,3,1,4,  
4514,15,0,0,0, 10 
4514,15,0,0,0, 10 
4514,27,5,1,4, 32 
4514,35,2,1,3, 6 
4514,51,0,0,0, 43 
4514,59,2,1,3, 68 
4514,8,0,0,0, 25 
4514,8,0,0,0, 25 
4533,16,0,0,0, 4 
4533,2,1,1,2, 6 
4533,26,0,0,0,  
4533,39,3,0,3,  
4533,63,2,0,2,  
4561,21,2,2,2, 82 
4561,27,0,1,2, 12 
4561,40,0,0,0,  
4561,45,0,2,3,  
4561,56,0,2,3,  
4561,68,1,1,2,  
4561,9,0,1,4, 42 
4561,9,0,1,4, 42 
4576,19,2,0,2,  
4576,24,1,0,1,  
4576,39,4,1,3,  
4576,52,4,1,3,  
4576,64,0,0,0,  
4576,69,2,2,4,  
4576,9,3,0,3,  
4582,13,2,0,1, 13 
4582,31,2,0,2,  
4582,38,0,0,0,  
4582,45,3,0,1,  
4582,6,3,0,1, 8 
4582,64,0,0,0,  
4582,71,1,0,1,  
4748,19,2,1,3, 36 
4748,19,2,1,3,  
4748,3,0,0,0, 7 
4748,3,0,0,0,  
4748,33,0,0,0,  
4748,44,0,0,0,  
4748,55,0,0,0,  
4748,65,0,0,0,  
4823,12,0,0,0, 21 
4823,2,0,0,0, 6 
4823,33,1,0,1, 24 
4823,33,1,0,1, 24 
4823,38,0,0,0,  
4823,51,1,0,1, 43 
4823,56,1,0,1, 62 
4823,70,2,0,2, 61 
4823,84,0,0,0,  
4823,90,0,0,0,  
4847,18,0,0,0, 68 
4847,32,1,0,1,  
4847,44,1,0,1,  
4847,54,3,0,1,  
4847,65,1,0,1,  
4847,9,0,0,0, 0 
4901,19,0,0,0,  
4901,26,1,0,1,  
4901,42,0,0,0,  
4901,54,0,0,0,  
4901,6,1,0,1,  
4901,61,0,0,0,  
4901,68,0,0,0,  
4902,11,1,0,1, 31 
4902,20,5,2,4, 42 
4902,29,2,0,2,  
4902,37,0,0,0,  
4902,47,0,0,0,  
4902,56,1,0,1,  
4902,67,0,0,0,  
4935,1,3,0,3, 22 
4935,1,3,0,3, 22 
4935,17,0,0,0, 18 
4935,17,0,0,0, 18 
4935,32,5,0,3, 14 
4935,41,4,0,4, 14 
4935,47,2,0,1, 26 
4935,60,2,0,2,  
4935,68,1,0,1,  
4965,10,0,0,0,  
4965,16,0,0,0,  
4965,23,1,1,2,  
4965,35,1,0,1,  
4965,47,1,0,1,  
4965,65,2,0,2,  
5020,12,4,0,4, 24 
5020,24,2,0,2, 14 
5020,41,2,0,1, 14 
5020,48,2,0,2, 40 
5020,5,2,1,5, 30 
5020,61,0,0,0, 37 
5022,13,0,0,0, 13 
5022,29,0,0,0, 94 
5022,34,2,1,4, 32 
5022,5,4,1,5, 30 
5022,51,3,2,3, 78 
5022,58,0,0,0, 74 
5063,17,2,0,2,  
5063,30,2,0,2,  
5063,4,2,0,2, 68 
5063,43,1,0,1,  
5063,55,1,0,1,  
5063,66,2,0,2,  
5130,10,0,0,0, 14 
5130,19,1,0,1, 36 
5130,28,2,0,3, 15 
5130,34,2,0,2, 18 
5130,53,0,0,0,  
5130,62,0,0,0,  
5130,67,2,0,2,  
5180,14,0,0,0, 57 
5180,30,0,0,0,  
5180,37,1,0,1,  
5180,51,2,0,2,  
5180,57,2,0,2,  
5180,67,0,0,0,  
5180,9,2,0,2, 0 
5317,11,0,0,0, 31 
5317,17,1,0,1, 0 
5317,26,1,0,1, 17 
5317,35,1,0,1, 6 
5317,63,2,0,2,  
5327,17,0,0,0, 18 
5327,23,1,1,3, 0 
5327,42,0,0,0, 41 
5327,5,1,0,1, 8 
5327,53,0,0,0,  
5327,64,2,0,2,  
587,20,2,0,2, 5 
587,25,0,0,0, 28 
587,41,0,0,0, 18 
587,49,0,0,0, 12 
587,66,0,0,0,  
587,71,2,0,1,  
587,8,0,0,0, 0 
836,17,1,0,1,  
836,25,0,0,0,  
836,3,0,0,0,  
900,12,0,0,0, 0 
900,25,2,0,1, 5 
900,3,0,0,0, 32 
900,35,0,0,0, 82 
900,46,0,0,0, 64 
900,58,1,0,1,  
900,68,0,0,0,  
